1983
7115
17506
29399
40480
64652
90236
116453
142079
166339
216193
267973
322098
377469
433234
489738
545801
600234
654147
707592
811885
917780
1027837
1138428
1249899
1364309
1480504
1598826
1717410
1837360
1957620
2079048
2198815
2318669
2439391
2558343
2676662
2792080
2908981
3022703
3236231
3455906
3677143
3900757
4125657
4356805
4589265
4823101
5057689
5293807
5535113
5778382
6021120
6265495
6514288
6763455
7012192
7260745
7509450
7764035
8017807
8270716
8523151
8780038
9037269
9293369
9547345
9798807
10054959
10309208
10564366
10814993
11064547
11316916
11568058
11816363
12062070
12312991
12560203
12805787
13046486
13493978
13946834
14404493
14861311
15324032
15792542
16260452
16734022
17206050
17683854
18165695
18646205
19133377
19617265
20106254
20600026
21093142
21591335
22087949
