3886100
689100
529700
562900
619200
1142000
1162300
441000
485600
503800
356200
382100
1075300
778300
565100
240100
224600
251600
465800
263600
338000
336200
391000
408700
414400
539800
1019800
605300
685100
1123300
677600
855400
598400
4842500
2813800
362500
675100
575500
428300
376900
773100
582800
1631000
533100
3155600
565200
537300
946900
484500
1630900
603900
544400
441100
695500
627800
774800
2595400
488600
944600
622500
1104000
734400
1468600
527000
767700
767700
711300
796800
4402400
520100
500400
501700
1527900
919800
794600
789600
692000
733700
745200
642800
695600
643500
830400
845800
1042200
1147200
935000
1075400
1211900
939600
987600
1621500
1180900
1855900
1477200
1322000
788200
804100
1563600
1382000
